% -------------------------------------------------------------------
%  Generated by MATLAB on 13-Jul-2020 19:10:56
%  MATLAB version: 9.8.0.1396136 (R2020a) Update 3
% -------------------------------------------------------------------
                                       

c = ['', char(10), ''];

e = 45;

factors = [29 103];

gcd_1 = 3;

n = 2987;

p = 29;

phi_n = 1428;

q = 103;

